Reference_1;0.02023401;1.672451;-2.0716
Reference_1;0.0165095;1.665892;-2.0716
Reference_1;0.01124065;1.665686;-2.0716
Reference_1;0.007589614;1.6705;-2.0716
Reference_1;-6.187614E-05;1.631352;-2.0716
Reference_1;0.003907707;1.628308;-2.0716
Reference_1;0.006740326;1.62964;-2.0716
Reference_1;0.0004655359;1.636843;-2.0716
Reference_1;0.0001802379;1.643298;-2.0716
Reference_1;0.001135864;1.64302;-2.0716
Reference_1;0.003474534;1.643742;-2.0716
Reference_1;0.004722959;1.640154;-2.0716
Reference_1;0.004639531;1.640858;-2.0716
Reference_1;0.004705346;1.642121;-2.0716
Reference_1;0.004962916;1.647781;-2.0716
Reference_1;0.006047143;1.653601;-2.0716
Reference_1;0.003395946;1.655717;-2.0716
Reference_1;-0.009290352;1.692105;-2.0716
Reference_1;-0.01185765;1.689148;-2.0716
Reference_1;-0.01331062;1.689485;-2.0716
Reference_1;-0.01259133;1.692772;-2.0716
Reference_1;-0.01026163;1.696054;-2.0716
Reference_1;-0.00553407;1.700476;-2.0716
Reference_1;-0.003084134;1.707467;-2.0716
Reference_1;-0.007372198;1.704291;-2.0716
Reference_1;-0.01048858;1.745051;-2.0716
Reference_1;-0.008252694;1.745502;-2.0716
Reference_1;-0.005655876;1.77281;-2.0716
Reference_1;-0.01423456;1.824575;-2.0716
Reference_1;-0.01747063;1.873243;-2.0716
Reference_1;-0.01534802;1.887625;-2.0716
Reference_1;-0.0171442;1.89535;-2.0716
Reference_1;-0.01917106;1.89779;-2.0716
Reference_1;-0.01823207;1.905367;-2.0716
Reference_1;-0.01671332;1.916104;-2.0716
Reference_1;-0.01921978;1.923197;-2.0716
Reference_1;-0.02466507;1.931367;-2.0716
Reference_1;-0.02934681;1.940272;-2.0716
Reference_1;-0.03020509;1.942057;-2.0716
Reference_1;-0.02986578;1.945074;-2.0716
Reference_1;-0.0274918;1.929305;-2.0716
Reference_1;-0.02702635;1.931007;-2.0716
Reference_1;-0.02653779;1.931994;-2.0716
Reference_1;-0.026192;1.933319;-2.0716
Reference_1;-0.02745693;1.927535;-2.0716
Reference_1;-0.02623009;1.924869;-2.0716
Reference_1;-0.02651078;1.9177;-2.0716
Reference_1;-0.02806204;1.924152;-2.0716
Reference_1;-0.02996426;1.925273;-2.0716
Reference_1;-0.02860652;1.921405;-2.0716
Reference_1;-0.02643729;1.919119;-2.0716
Reference_1;-0.02181795;1.91567;-2.0716
Reference_1;-0.02147172;1.911437;-2.0716
Reference_1;-0.02342178;1.910091;-2.0716
Reference_1;-0.02483677;1.908879;-2.0716
Reference_1;-0.02633841;1.906007;-2.0716
Reference_1;-0.02761697;1.902406;-2.0716
Reference_1;-0.02941691;1.902324;-2.0716
Reference_1;-0.02924869;1.902285;-2.0716
Reference_1;-0.02883272;1.902563;-2.0716
Reference_1;-0.02676398;1.900871;-2.0716
Reference_1;-0.02523749;1.89882;-2.0716
Reference_1;-0.0224076;1.88728;-2.0716
Reference_1;-0.02227486;1.887318;-2.0716
Reference_1;-0.02220459;1.886985;-2.0716
Reference_1;-0.02110113;1.876462;-2.0716
Reference_1;-0.02008739;1.871084;-2.0716
Reference_1;-0.0192548;1.859056;-2.0716
Reference_1;-0.01683861;1.870149;-2.0716
Reference_1;-0.009830012;1.889966;-2.0716
Reference_1;-0.007823503;1.893416;-2.0716
Reference_1;-0.01303702;1.90539;-2.0716
Reference_1;-0.02633412;1.884562;-2.0716
Reference_1;-0.02949666;1.887456;-2.0716
Reference_1;-0.03017111;1.887395;-2.0716
Reference_1;-0.02531617;1.887316;-2.0716
Reference_1;-0.02401615;1.88569;-2.0716
Reference_1;-0.025405;1.908309;-2.0716
Reference_1;-0.02969389;1.949609;-2.0716
Reference_1;-0.03355571;1.952934;-2.0716
Reference_1;-0.03290018;1.951018;-2.0716
Reference_1;-0.03230688;1.938007;-2.0716
Reference_1;-0.03121181;1.909155;-2.0716
Reference_1;-0.02662129;1.917714;-2.0716
Reference_1;-0.02188433;1.923051;-2.0716
Reference_1;-0.001380232;1.9421;-2.0716
Reference_1;-0.005584853;1.929822;-2.0716
Reference_1;-0.01601827;1.922975;-2.0716
Reference_1;-0.0271508;1.928985;-2.0716
Reference_1;-0.04112115;1.91745;-2.0716
Reference_1;-0.04350706;1.902151;-2.0716
Reference_1;-0.04469921;1.884956;-2.0716
Reference_1;-0.03310582;1.900752;-2.0716
Reference_1;0.02075418;1.737035;-2.0716
Reference_1;0.01001631;1.722741;-2.0716
Reference_1;0.0004277559;1.72455;-2.0716
Reference_1;0.005451804;1.67799;-2.0716
Reference_1;0.006276136;1.676648;-2.0716
Reference_1;0.008440494;1.672929;-2.0716
Reference_1;0.008786946;1.674333;-2.0716
Reference_1;0.008921059;1.674389;-2.0716
Reference_1;0.01591351;1.595485;-2.0716
Reference_1;0.01147016;1.572885;-2.0716
Reference_1;0.0157288;1.579202;-2.0716
Reference_1;0.01889953;1.582932;-2.0716
Reference_1;0.0189327;1.584707;-2.0716
Reference_1;0.01828123;1.589109;-2.0716
Reference_1;0.01958581;1.601493;-2.0716
Reference_1;0.03245289;1.68189;-2.0716
Reference_1;0.02855529;1.7758;-2.0716
Reference_1;0.0113926;1.776926;-2.0716
Reference_1;0.0006013926;1.790464;-2.0716
Reference_1;0.002594139;1.800984;-2.0716
Reference_1;0.002955076;1.813399;-2.0716
Reference_1;-0.002543899;1.82039;-2.0716
Reference_1;-0.008742555;1.830806;-2.0716
Reference_1;-0.009631042;1.837334;-2.0716
Reference_1;-0.003898737;1.83747;-2.0716
Reference_1;-0.0004897302;1.841217;-2.0716
Reference_1;0.002142455;1.842214;-2.0716
Reference_1;0.004984195;1.838834;-2.0716
Reference_1;0.004115764;1.836532;-2.0716
Reference_1;0.002719169;1.839154;-2.0716
Reference_1;0.000778281;1.839735;-2.0716
Reference_1;-0.0032576;1.837586;-2.0716
Reference_1;-0.008851453;1.834747;-2.0716
Reference_1;-0.01404421;1.836569;-2.0716
Reference_1;-0.01834172;1.839258;-2.0716
Reference_1;-0.01923996;1.844126;-2.0716
Reference_1;-0.01886385;1.846027;-2.0716
Reference_1;-0.01290767;1.860064;-2.0716
Reference_1;-0.0158171;1.845753;-2.0716
Reference_1;-0.01274912;1.845821;-2.0716
Reference_1;-0.008537366;1.84582;-2.0716
Reference_1;-0.003178743;1.844258;-2.0716
Reference_1;0.003635735;1.845494;-2.0716
Reference_1;0.008344471;1.846131;-2.0716
Reference_1;0.00938121;1.846415;-2.0716
Reference_1;0.005016013;1.845219;-2.0716
Reference_1;0.002484794;1.844988;-2.0716
Reference_1;-0.0007263862;1.847371;-2.0716
Reference_1;-0.007791584;1.845535;-2.0716
Reference_1;-0.008012688;1.846372;-2.0716
Reference_1;-0.007545037;1.847753;-2.0716
Reference_1;-0.007240055;1.847521;-2.0716
Reference_1;-0.006598987;1.833785;-2.0716
Reference_1;-0.0093208;1.836797;-2.0716
Reference_1;-0.00853994;1.837507;-2.0716
Reference_1;-0.003485051;1.834808;-2.0716
Reference_1;-9.751003E-05;1.834536;-2.0716
Reference_1;0.003699035;1.829476;-2.0716
Reference_1;0.002751355;1.827186;-2.0716
Reference_1;0.002775676;1.827082;-2.0716
Reference_1;0.001900914;1.822161;-2.0716
Reference_1;0.001647765;1.817068;-2.0716
Reference_1;0.005968577;1.81806;-2.0716
Reference_1;0.00891033;1.819754;-2.0716
Reference_1;0.0107634;1.822095;-2.0716
Reference_1;0.009299135;1.825021;-2.0716
Reference_1;0.00859642;1.823933;-2.0716
Reference_1;0.01035521;1.82255;-2.0716
Reference_1;0.007152413;1.819772;-2.0716
Reference_1;0.003813834;1.817855;-2.0716
Reference_1;0.0005269581;1.87188;-2.0716
Reference_1;-0.002166746;1.894729;-2.0716
Reference_1;-0.00146651;1.895043;-2.0716
Reference_1;-0.0009797653;1.893949;-2.0716
Reference_1;0.00134467;1.840385;-2.0716
Reference_1;0.003394605;1.841823;-2.0716
Reference_1;0.009050607;1.823952;-2.0716
Reference_1;0.01061485;1.823559;-2.0716
Reference_1;0.00711066;1.820272;-2.0716
Reference_1;0.006455844;1.818843;-2.0716
Reference_1;0.007135069;1.817863;-2.0716
Reference_1;0.007517194;1.818533;-2.0716
Reference_1;0.01025579;1.820343;-2.0716
Reference_1;0.01355102;1.822566;-2.0716
Reference_1;0.01509615;1.822979;-2.0716
Reference_1;0.01381964;1.823527;-2.0716
Reference_1;0.01552092;1.827693;-2.0716
Reference_1;0.01684826;1.829338;-2.0716
Reference_1;0.01864212;1.833761;-2.0716
Reference_1;0.01649162;1.837766;-2.0716
Reference_1;0.01405344;1.834711;-2.0716
Reference_1;0.0152936;1.831743;-2.0716
Reference_1;0.01790702;1.82935;-2.0716
Reference_1;0.01617378;1.827281;-2.0716
Reference_1;0.0141365;1.828822;-2.0716
Reference_1;0.01183373;1.830079;-2.0716
Reference_1;0.01079796;1.830795;-2.0716
Reference_1;0.01058941;1.830289;-2.0716
Reference_1;0.0112238;1.828222;-2.0716
Reference_1;0.008342772;1.829295;-2.0716
Reference_1;0.003551692;1.831839;-2.0716
Reference_1;0.005144413;1.834659;-2.0716
Reference_1;0.006693041;1.834084;-2.0716
Reference_1;0.007040733;1.833845;-2.0716
Reference_1;0.005142177;1.838227;-2.0716
Reference_1;0.006844128;1.841777;-2.0716
Reference_1;0.009244954;1.844305;-2.0716
Reference_1;0.01057319;1.843791;-2.0716
Reference_1;0.01072697;1.841249;-2.0716
Reference_1;0.008354574;1.837838;-2.0716
Reference_1;0.007220441;1.838391;-2.0716
Reference_1;0.005353457;1.83584;-2.0716
Reference_1;0.006647242;1.83219;-2.0716
Reference_1;0.01013272;1.832456;-2.0716
Reference_1;0.01218854;1.842317;-2.0716
Reference_1;0.007685262;1.850787;-2.0716
Reference_1;0.004056837;1.871421;-2.0716
Reference_1;-0.0005656853;1.875136;-2.0716
Reference_1;-0.003708462;1.868595;-2.0716
Reference_1;0.001691256;1.853009;-2.0716
Reference_1;0.006195838;1.847188;-2.0716
Reference_1;0.009415364;1.842369;-2.0716
Reference_1;0.001894298;1.866923;-2.0716
Reference_1;-0.0009777222;1.83277;-2.0716
Reference_1;-0.001330254;1.829654;-2.0716
Reference_1;-0.005989867;1.824527;-2.0716
Reference_1;-0.008868043;1.825668;-2.0716
Reference_1;-0.005247085;1.831511;-2.0716
Reference_1;0.002748098;1.835669;-2.0716
Reference_1;0.00501969;1.838382;-2.0716
Reference_1;0.002819394;1.835797;-2.0716
Reference_1;-0.004206299;1.835228;-2.0716
Reference_1;-0.01098083;1.835145;-2.0716
Reference_1;-0.006344644;1.849586;-2.0716
Reference_1;-0.002346364;1.860747;-2.0716
Reference_1;0.00203919;1.857304;-2.0716
Reference_1;0.003793745;1.845543;-2.0716
Reference_1;0.005721277;1.84542;-2.0716
Reference_1;0.007373416;1.845592;-2.0716
Reference_1;0.01015481;1.827284;-2.0716
Reference_1;0.01180052;1.827394;-2.0716
Reference_1;0.00720104;1.827498;-2.0716
Reference_1;0.005801453;1.82815;-2.0716
Reference_1;0.006650025;1.830337;-2.0716
Reference_1;0.007586664;1.837091;-2.0716
Reference_1;0.005587614;1.835306;-2.0716
Reference_1;0.00594095;1.837075;-2.0716
Reference_1;0.003895641;1.85118;-2.0716
QuickRigCharacter_Spine1;-0.001349794;1.829635;-2.177492
QuickRigCharacter_Spine1;-0.0008171966;1.815591;-2.176336
QuickRigCharacter_Spine1;0.003752044;1.815303;-2.176311
QuickRigCharacter_Spine1;0.006252221;1.813562;-2.176167
QuickRigCharacter_Spine1;0.008925109;1.81329;-2.176145
QuickRigCharacter_Spine1;0.001618637;1.811708;-2.176015
QuickRigCharacter_Spine1;-0.006161946;1.818075;-2.17654
QuickRigCharacter_Spine1;-0.009504708;1.812769;-2.176103
QuickRigCharacter_Spine1;-0.008910867;1.811407;-2.17599
QuickRigCharacter_Spine1;0.0008871539;1.805751;-2.175524
QuickRigCharacter_Spine1;-0.0003407914;1.802364;-2.175246
QuickRigCharacter_Spine1;0.001183225;1.775209;-2.173008
Plane;0.02269122;1.575439;-2.636
QuickRigCharacter_RightUpLeg;0.007885165;1.608436;-2.289946
QuickRigCharacter_RightUpLeg;0.006359829;1.606377;-2.286462
QuickRigCharacter_RightUpLeg;0.006247012;1.603535;-2.272117
QuickRigCharacter_RightUpLeg;0.005430435;1.59906;-2.26453
QuickRigCharacter_RightUpLeg;0.0402382;1.522525;-2.211789
QuickRigCharacter_RightUpLeg;0.04468945;1.496853;-2.213979
QuickRigCharacter_RightUpLeg;0.04301689;1.490134;-2.216031
QuickRigCharacter_RightUpLeg;0.03863337;1.486159;-2.219309
QuickRigCharacter_RightUpLeg;0.03533373;1.473424;-2.223984
QuickRigCharacter_RightUpLeg;0.03163414;1.459452;-2.229795
QuickRigCharacter_RightUpLeg;0.02547859;1.446368;-2.23871
Plane;-0.02987781;1.255082;-2.636
Plane;-0.04922931;1.186155;-2.636
Plane;-0.06708756;1.158431;-2.636
Plane;-0.06969272;1.144834;-2.636
Plane;-0.06578854;1.14415;-2.636
Plane;-0.05388493;1.134645;-2.636
Plane;-0.04326182;1.127458;-2.636
Plane;-0.0360413;1.120196;-2.636
Plane;-0.02657934;1.112785;-2.636
Plane;-0.02038085;1.103571;-2.636
Plane;-0.02319728;1.104586;-2.636
Plane;-0.02230421;1.100823;-2.636
Plane;-0.01868014;1.093579;-2.636
Plane;-0.02069613;1.080301;-2.636
Plane;-0.01974175;1.073428;-2.636
Plane;-0.01823103;1.06694;-2.636
Plane;-0.01811569;1.061495;-2.636
Plane;-0.01636496;1.064777;-2.636
QuickRigCharacter_RightUpLeg;0.03763095;1.219371;-2.289577
QuickRigCharacter_RightLeg;0.06711221;1.151091;-2.301662
QuickRigCharacter_RightUpLeg;0.1669413;1.244394;-2.246862
QuickRigCharacter_RightUpLeg;0.1678503;1.243592;-2.247476
QuickRigCharacter_RightUpLeg;0.1687816;1.245307;-2.248073
QuickRigCharacter_RightUpLeg;0.1668397;1.249436;-2.24667
QuickRigCharacter_RightUpLeg;0.1596169;1.250648;-2.242312
QuickRigCharacter_RightUpLeg;0.156359;1.249391;-2.240712
QuickRigCharacter_RightUpLeg;0.1557508;1.251925;-2.240283
QuickRigCharacter_RightUpLeg;0.1345991;1.300721;-2.229332
QuickRigCharacter_RightUpLeg;0.1317793;1.305257;-2.228229
QuickRigCharacter_RightUpLeg;0.1247972;1.30829;-2.226468
QuickRigCharacter_RightUpLeg;0.120337;1.311036;-2.225538
QuickRigCharacter_RightUpLeg;0.1153908;1.315564;-2.224576
QuickRigCharacter_RightUpLeg;0.138912;1.31266;-2.229875
QuickRigCharacter_RightUpLeg;0.1392298;1.316595;-2.229735
QuickRigCharacter_RightUpLeg;0.164197;1.335562;-2.243431
QuickRigCharacter_RightUpLeg;0.07849883;1.376468;-2.220288
QuickRigCharacter_LeftUpLeg;-0.08892455;1.399478;-2.243228
QuickRigCharacter_LeftUpLeg;-0.0883527;1.404771;-2.242547
QuickRigCharacter_LeftUpLeg;-0.08700856;1.406692;-2.243512
QuickRigCharacter_LeftUpLeg;-0.08265496;1.407002;-2.2486
QuickRigCharacter_LeftUpLeg;-0.07698154;1.407739;-2.256569
QuickRigCharacter_LeftUpLeg;-0.08670808;1.406307;-2.243955
QuickRigCharacter_LeftUpLeg;-0.116661;1.400054;-2.223223
QuickRigCharacter_LeftUpLeg;-0.1160713;1.401809;-2.223192
QuickRigCharacter_LeftUpLeg;-0.1150934;1.399405;-2.224046
QuickRigCharacter_LeftUpLeg;-0.1123039;1.397578;-2.225795
QuickRigCharacter_LeftUpLeg;-0.1106329;1.393711;-2.227392
QuickRigCharacter_LeftUpLeg;-0.1094171;1.391947;-2.22842
QuickRigCharacter_LeftUpLeg;-0.1106962;1.394072;-2.227301
Plane;-0.02728062;1.306606;-2.636
Plane;-0.02651657;1.309263;-2.636
Plane;-0.0242072;1.308769;-2.636
Plane;-0.0181967;1.308942;-2.636
Plane;-0.01593733;1.310583;-2.636
Plane;-0.01606383;1.311331;-2.636
QuickRigCharacter_RightUpLeg;0.05725097;1.379446;-2.227998
QuickRigCharacter_RightUpLeg;0.1489337;1.280044;-2.235739
QuickRigCharacter_RightUpLeg;0.1491238;1.264679;-2.236678
QuickRigCharacter_RightUpLeg;0.1499998;1.263785;-2.237086
QuickRigCharacter_RightUpLeg;0.1480882;1.261986;-2.236413
QuickRigCharacter_RightUpLeg;0.1619394;1.255388;-2.243442
QuickRigCharacter_RightUpLeg;0.187236;1.227852;-2.265378
QuickRigCharacter_RightUpLeg;0.1891113;1.214647;-2.271671
QuickRigCharacter_RightUpLeg;0.1892309;1.205446;-2.277041
QuickRigCharacter_RightUpLeg;0.192755;1.195192;-2.293878
QuickRigCharacter_RightUpLeg;0.1868771;1.203129;-2.275246
QuickRigCharacter_RightUpLeg;0.1849645;1.200968;-2.27421
QuickRigCharacter_RightUpLeg;0.1817598;1.204296;-2.268022
QuickRigCharacter_RightUpLeg;0.1777554;1.206843;-2.262417
Plane;0.2211593;1.072915;-2.636
Plane;0.2244572;1.06525;-2.636
Plane;0.2229181;1.066465;-2.636
Plane;0.2249676;1.064944;-2.636
Plane;0.2238008;1.061383;-2.636
Plane;0.2186438;1.062552;-2.636
Plane;0.02588201;1.133705;-2.636
QuickRigCharacter_LeftUpLeg;-0.1069906;1.339922;-2.24022
QuickRigCharacter_LeftUpLeg;-0.07998673;1.285026;-2.305514
Plane;-0.08238852;1.170714;-2.636
Plane;-0.07261989;1.17078;-2.636
Plane;-0.05116956;1.179967;-2.636
Plane;-0.04129745;1.181533;-2.636
Plane;-0.04963135;1.177441;-2.636
QuickRigCharacter_LeftUpLeg;-0.1804532;1.252966;-2.231418
QuickRigCharacter_LeftUpLeg;-0.1882904;1.245539;-2.233071
QuickRigCharacter_LeftUpLeg;-0.1955243;1.250028;-2.23419
QuickRigCharacter_LeftUpLeg;-0.189616;1.245881;-2.233255
QuickRigCharacter_LeftUpLeg;-0.2053636;1.222304;-2.239608
QuickRigCharacter_LeftUpLeg;-0.2093052;1.199942;-2.248677
QuickRigCharacter_LeftUpLeg;-0.2082747;1.199376;-2.248504
QuickRigCharacter_LeftUpLeg;-0.2072933;1.201857;-2.246876
QuickRigCharacter_LeftUpLeg;-0.2121116;1.214718;-2.244117
QuickRigCharacter_LeftUpLeg;-0.2078896;1.200851;-2.247635
QuickRigCharacter_LeftUpLeg;-0.2053339;1.199684;-2.247158
QuickRigCharacter_LeftUpLeg;-0.2028492;1.198527;-2.246818
QuickRigCharacter_LeftUpLeg;-0.2100351;1.213049;-2.243689
QuickRigCharacter_LeftUpLeg;-0.2119917;1.2018;-2.249015
QuickRigCharacter_LeftUpLeg;-0.2116968;1.198156;-2.250755
QuickRigCharacter_LeftUpLeg;-0.2003307;1.1983;-2.246099
QuickRigCharacter_LeftUpLeg;-0.1984488;1.204919;-2.242519
QuickRigCharacter_LeftUpLeg;-0.2032583;1.207544;-2.242977
QuickRigCharacter_LeftUpLeg;-0.1961762;1.22643;-2.236326
QuickRigCharacter_LeftUpLeg;-0.1420787;1.302186;-2.229096
QuickRigCharacter_LeftUpLeg;-0.1398403;1.301385;-2.229886
QuickRigCharacter_LeftUpLeg;-0.1403117;1.301223;-2.229774
QuickRigCharacter_LeftUpLeg;-0.1466892;1.308999;-2.227012
QuickRigCharacter_LeftUpLeg;-0.1433721;1.309006;-2.227773
QuickRigCharacter_LeftUpLeg;-0.1399761;1.308537;-2.228791
QuickRigCharacter_LeftUpLeg;-0.1424475;1.309435;-2.227967
QuickRigCharacter_LeftUpLeg;-0.1411697;1.307573;-2.228597
QuickRigCharacter_LeftUpLeg;-0.139092;1.30738;-2.229242
QuickRigCharacter_LeftUpLeg;-0.1193035;1.284221;-2.242514
Plane;-0.07045254;1.175736;-2.636
Plane;-0.04599916;1.193829;-2.636
Plane;-0.01579473;1.211914;-2.636
Plane;0.0003055684;1.210577;-2.636
Plane;0.005745124;1.205269;-2.636
Plane;0.004081836;1.204164;-2.636
Plane;0.003895751;1.202055;-2.636
QuickRigCharacter_RightUpLeg;0.02516461;1.336422;-2.271379
QuickRigCharacter_RightUpLeg;0.04739914;1.361561;-2.237775
QuickRigCharacter_RightUpLeg;0.04848534;1.400514;-2.229286
QuickRigCharacter_RightUpLeg;0.0549682;1.422287;-2.221712
QuickRigCharacter_RightUpLeg;0.04954662;1.553343;-2.203843
QuickRigCharacter_RightUpLeg;0.04334829;1.582695;-2.211679
QuickRigCharacter_RightUpLeg;0.04174212;1.584286;-2.213053
QuickRigCharacter_RightUpLeg;0.03829292;1.585011;-2.215165
QuickRigCharacter_RightUpLeg;0.03509894;1.583361;-2.2163
QuickRigCharacter_RightUpLeg;0.03539174;1.580325;-2.21497
QuickRigCharacter_RightUpLeg;0.03839344;1.580556;-2.21334
QuickRigCharacter_RightUpLeg;0.04173797;1.580642;-2.211663
QuickRigCharacter_RightUpLeg;0.03854072;1.580343;-2.213187
QuickRigCharacter_RightUpLeg;0.03751865;1.584365;-2.21533
QuickRigCharacter_RightUpLeg;0.03679316;1.584115;-2.215645
QuickRigCharacter_RightUpLeg;0.03742142;1.582453;-2.2146
QuickRigCharacter_RightUpLeg;0.03707076;1.579408;-2.213668
QuickRigCharacter_RightUpLeg;0.03858566;1.574204;-2.211255
QuickRigCharacter_RightUpLeg;0.03945778;1.568716;-2.209538
QuickRigCharacter_RightUpLeg;0.04454685;1.570253;-2.207508
QuickRigCharacter_RightUpLeg;0.05022679;1.57105;-2.205492
QuickRigCharacter_RightUpLeg;0.05926914;1.489248;-2.209362
QuickRigCharacter_RightUpLeg;0.0636134;1.468809;-2.211051
QuickRigCharacter_RightUpLeg;0.06112174;1.458236;-2.213405
QuickRigCharacter_RightUpLeg;0.05823485;1.435447;-2.218049
QuickRigCharacter_RightUpLeg;0.05655327;1.381222;-2.228041
QuickRigCharacter_RightUpLeg;0.05084238;1.379206;-2.231823
QuickRigCharacter_RightUpLeg;0.04578788;1.378562;-2.235513
QuickRigCharacter_RightUpLeg;0.04005657;1.37791;-2.240359
QuickRigCharacter_RightUpLeg;0.03808243;1.371417;-2.243701
QuickRigCharacter_RightUpLeg;0.038178;1.370526;-2.243819
QuickRigCharacter_RightUpLeg;0.03822374;1.369482;-2.244009
QuickRigCharacter_RightUpLeg;0.03880654;1.365936;-2.24426
QuickRigCharacter_RightUpLeg;0.04161058;1.363125;-2.242275
QuickRigCharacter_RightUpLeg;0.09798934;1.167494;-2.271001
QuickRigCharacter_RightLeg;0.1269626;1.017267;-2.292379
QuickRigCharacter_RightLeg;0.1243919;1.015068;-2.293644
QuickRigCharacter_RightLeg;0.1230933;1.011999;-2.294809
QuickRigCharacter_RightLeg;0.1233539;0.9576335;-2.308062
QuickRigCharacter_RightLeg;0.1322438;0.8877499;-2.321615
QuickRigCharacter_RightLeg;0.1355349;0.8818989;-2.321624
QuickRigCharacter_RightLeg;0.1245123;0.8697292;-2.330796
QuickRigCharacter_RightLeg;0.1270101;0.8663043;-2.33009
QuickRigCharacter_RightLeg;0.1262744;0.8554027;-2.333615
Plane;0.02750256;0.7522662;-2.636
Plane;0.06317814;0.8444365;-2.636
QuickRigCharacter_RightLeg;0.07893772;1.055256;-2.320294
QuickRigCharacter_RightLeg;0.08476191;1.06102;-2.308683
QuickRigCharacter_RightLeg;0.08223713;1.062154;-2.311785
QuickRigCharacter_RightLeg;0.08422656;1.065126;-2.307889
QuickRigCharacter_RightLeg;0.07531048;1.057031;-2.327916
QuickRigCharacter_RightLeg;0.07619774;1.06416;-2.322006
QuickRigCharacter_RightLeg;0.1020825;1.094957;-2.283343
QuickRigCharacter_RightLeg;0.1534977;1.158509;-2.26789
QuickRigCharacter_RightLeg;0.1811728;1.175715;-2.289643
QuickRigCharacter_RightLeg;0.1832627;1.169327;-2.290314
QuickRigCharacter_RightLeg;0.1836677;1.165529;-2.290242
QuickRigCharacter_RightLeg;0.1829309;1.161032;-2.288947
QuickRigCharacter_RightLeg;0.1788534;1.158275;-2.284455
QuickRigCharacter_RightLeg;0.1725308;1.161018;-2.2787
QuickRigCharacter_RightLeg;0.1688982;1.163456;-2.27607
QuickRigCharacter_RightLeg;0.1703247;1.164912;-2.277215
QuickRigCharacter_RightLeg;0.1764317;1.152964;-2.282499
Plane;0.2428693;1.046301;-2.636
Plane;0.2873798;1.084386;-2.636
Plane;0.2860429;1.084039;-2.636
Plane;0.2877963;1.081442;-2.636
Plane;0.2876464;1.078387;-2.636
Plane;0.2857591;1.080485;-2.636
Plane;0.2961692;1.062724;-2.636
Plane;0.2978983;1.067326;-2.636
Plane;0.2986647;1.067809;-2.636
Plane;0.2803067;1.098896;-2.636
Plane;0.2578596;1.145572;-2.636
Plane;0.2589749;1.127029;-2.636
QuickRigCharacter_RightUpLeg;0.1506328;1.263844;-2.23735
QuickRigCharacter_RightUpLeg;0.152552;1.279127;-2.237456
QuickRigCharacter_RightUpLeg;0.1530388;1.275377;-2.237864
QuickRigCharacter_RightUpLeg;0.1489229;1.26429;-2.236617
Plane;0.2530376;1.051202;-2.636
Plane;0.2634363;1.045887;-2.636
Plane;0.2637562;1.042782;-2.636
Plane;0.2637727;1.040236;-2.636
Plane;0.260733;1.034259;-2.636
Plane;0.2531546;1.030155;-2.636
Plane;0.2529989;1.025585;-2.636
Plane;0.2612307;1.022703;-2.636
Plane;0.2697139;1.020899;-2.636
Plane;0.2893914;1.03226;-2.636
Plane;0.2763064;1.047709;-2.636
Plane;0.2758815;1.02106;-2.636
Plane;0.273287;1.004878;-2.636
Plane;0.2866117;1.002189;-2.636
Plane;0.293102;1.004208;-2.636
Plane;0.295191;0.9981463;-2.636
Plane;0.2626588;0.9368143;-2.636
QuickRigCharacter_RightLeg;0.2137177;1.001328;-2.338464
QuickRigCharacter_RightLeg;0.2067035;0.9976075;-2.32537
QuickRigCharacter_RightLeg;0.2053851;0.9936723;-2.323617
QuickRigCharacter_RightLeg;0.2037709;0.9967795;-2.321402
QuickRigCharacter_RightLeg;0.2018868;0.9947909;-2.319248
QuickRigCharacter_RightLeg;0.1991965;0.9981155;-2.316109
QuickRigCharacter_RightLeg;0.2178014;1.009568;-2.3573
Plane;0.291907;1.001517;-2.636
Plane;0.2792468;0.9816174;-2.636
Plane;0.277963;0.9734339;-2.636
Plane;0.2763347;0.9705976;-2.636
Plane;0.2783153;0.9627601;-2.636
Plane;0.2744856;0.9531207;-2.636
Plane;0.274557;0.9514881;-2.636
Plane;0.2790128;0.95074;-2.636
Plane;0.2744386;0.9497161;-2.636
QuickRigCharacter_RightLeg;0.08542155;1.113166;-2.290411
Plane;0.02253253;1.012899;-2.636
Plane;0.0177582;1.022343;-2.636
Plane;0.01552767;1.021559;-2.636
Plane;0.01306457;1.025097;-2.636
Plane;0.01938967;1.027311;-2.636
Plane;0.02176685;1.029365;-2.636
Plane;0.02550628;1.028652;-2.636
Plane;0.02756746;1.019374;-2.636
Plane;0.02763422;1.018613;-2.636
Plane;0.03047669;1.016873;-2.636
Plane;0.03325315;1.019743;-2.636
Plane;0.03349052;1.014406;-2.636
Plane;0.03499803;1.01415;-2.636
Plane;0.04242048;1.010771;-2.636
Plane;-0.024476;0.8706378;-2.636
Plane;-0.04271704;0.8368081;-2.636
Plane;-0.0524063;0.8510575;-2.636
Plane;-0.05104041;0.8517021;-2.636
Plane;-0.04528608;0.854285;-2.636
Plane;-0.04928252;0.8595966;-2.636
Plane;-0.06081054;0.8839221;-2.636
Plane;-0.08409799;1.088262;-2.636
Plane;-0.06981549;1.137708;-2.636
Plane;-0.0735248;1.136523;-2.636
Plane;-0.07411422;1.133986;-2.636
Plane;-0.06749904;1.116184;-2.636
Plane;-0.06975261;1.115137;-2.636
Plane;-0.07485152;1.116884;-2.636
Plane;-0.07418238;1.118597;-2.636
Plane;-0.07178434;1.115277;-2.636
Plane;-0.06890116;1.115759;-2.636
Plane;-0.07014044;1.114064;-2.636
Plane;-0.07209887;1.111073;-2.636
Plane;-0.06988803;1.110023;-2.636
QuickRigCharacter_LeftUpLeg;-0.1414825;1.211832;-2.244297
QuickRigCharacter_LeftUpLeg;-0.1948859;1.187931;-2.250717
QuickRigCharacter_LeftUpLeg;-0.2036234;1.184096;-2.256452
QuickRigCharacter_LeftUpLeg;-0.2074475;1.184598;-2.257737
QuickRigCharacter_LeftUpLeg;-0.2091155;1.184902;-2.258348
QuickRigCharacter_LeftUpLeg;-0.210392;1.182841;-2.260747
QuickRigCharacter_LeftLeg;-0.2211797;1.175518;-2.275008
QuickRigCharacter_LeftUpLeg;-0.2205746;1.179101;-2.271504
QuickRigCharacter_LeftUpLeg;-0.2190429;1.182055;-2.267156
QuickRigCharacter_LeftLeg;-0.2165293;1.173195;-2.271872
QuickRigCharacter_LeftLeg;-0.220285;1.171174;-2.27349
QuickRigCharacter_LeftLeg;-0.221475;1.170319;-2.274063
QuickRigCharacter_LeftLeg;-0.2091044;1.151703;-2.267959
QuickRigCharacter_LeftLeg;-0.1962818;1.076691;-2.278418
QuickRigCharacter_LeftLeg;-0.1975121;1.070091;-2.279718
QuickRigCharacter_LeftLeg;-0.193706;1.073104;-2.279112
QuickRigCharacter_LeftLeg;-0.1818987;1.074299;-2.280077
QuickRigCharacter_LeftLeg;-0.1830418;1.07007;-2.28079
QuickRigCharacter_LeftLeg;-0.1945636;1.056947;-2.282282
QuickRigCharacter_LeftLeg;-0.2667909;0.8738834;-2.335741
QuickRigCharacter_LeftLeg;-0.266946;0.8471569;-2.33832
QuickRigCharacter_LeftLeg;-0.2567114;0.8411446;-2.332462
QuickRigCharacter_LeftLeg;-0.2530559;0.8407415;-2.330773
QuickRigCharacter_LeftLeg;-0.2534887;0.8521869;-2.329399
QuickRigCharacter_LeftLeg;-0.2515176;0.859341;-2.327471
QuickRigCharacter_LeftLeg;-0.2522826;0.869755;-2.326455
QuickRigCharacter_LeftLeg;-0.1919509;0.9870408;-2.297264
QuickRigCharacter_LeftUpLeg;-0.0913982;1.272031;-2.276211
QuickRigCharacter_LeftUpLeg;-0.08891836;1.28109;-2.277848
QuickRigCharacter_LeftUpLeg;-0.08163635;1.28037;-2.299581
Plane;-0.00896806;1.285697;-2.636
QuickRigCharacter_RightUpLeg;0.02139029;1.449913;-2.242537
QuickRigCharacter_RightUpLeg;0.0217013;1.453725;-2.241164
QuickRigCharacter_RightUpLeg;0.02290026;1.456849;-2.238958
QuickRigCharacter_RightUpLeg;0.02108187;1.458779;-2.24059
QuickRigCharacter_RightUpLeg;0.01936168;1.45178;-2.244601
QuickRigCharacter_RightUpLeg;0.1220282;1.402876;-2.218309
Plane;0.2579636;1.222265;-2.636
Plane;0.2616869;1.222547;-2.636
Plane;0.2610453;1.227125;-2.636
Plane;0.2505452;1.234423;-2.636
Plane;0.2575016;1.231581;-2.636
Plane;0.2643176;1.226441;-2.636
Plane;0.2588206;1.22279;-2.636
Plane;0.2516001;1.214605;-2.636
Plane;0.2434588;1.211866;-2.636
Plane;0.2374927;1.207369;-2.636
Plane;0.2359013;1.204372;-2.636
Plane;0.2382605;1.201097;-2.636
Plane;0.2334814;1.207009;-2.636
Plane;0.2289362;1.208734;-2.636
Plane;0.2291447;1.20977;-2.636
Plane;0.232977;1.207211;-2.636
Plane;0.2540739;1.234454;-2.636
Plane;0.2550563;1.236227;-2.636
Plane;0.2594264;1.23736;-2.636
Plane;0.2624426;1.23506;-2.636
Plane;0.2641466;1.236869;-2.636
Plane;0.2663905;1.230628;-2.636
Plane;0.2816161;1.225098;-2.636
Plane;0.2282606;1.158675;-2.636
QuickRigCharacter_RightUpLeg;0.2050855;1.27431;-2.317751
QuickRigCharacter_RightUpLeg;0.09177656;1.237231;-2.236653
QuickRigCharacter_RightUpLeg;0.08386281;1.259837;-2.235885
QuickRigCharacter_RightUpLeg;0.08135729;1.259907;-2.236841
QuickRigCharacter_RightUpLeg;0.07286168;1.241856;-2.244
QuickRigCharacter_RightUpLeg;0.06204682;1.232291;-2.253226
Plane;0.02486355;1.106095;-2.636
Plane;-0.02627844;1.129148;-2.636
Plane;-0.01397615;1.150028;-2.636
Plane;0.0122335;1.160446;-2.636
QuickRigCharacter_RightUpLeg;0.0487725;1.331777;-2.24293
QuickRigCharacter_RightUpLeg;0.04673155;1.338761;-2.243154
QuickRigCharacter_RightUpLeg;0.03838154;1.334455;-2.252359
QuickRigCharacter_RightUpLeg;0.04145514;1.34206;-2.247244
QuickRigCharacter_RightUpLeg;0.05106388;1.314781;-2.244675
QuickRigCharacter_RightUpLeg;0.05979319;1.298023;-2.241555
QuickRigCharacter_RightUpLeg;0.04166028;1.284041;-2.261575
QuickRigCharacter_RightUpLeg;0.02947808;1.263865;-2.291234
QuickRigCharacter_RightUpLeg;0.03262918;1.272458;-2.279669
QuickRigCharacter_RightUpLeg;0.04590482;1.285776;-2.25615
QuickRigCharacter_RightUpLeg;0.05268262;1.29318;-2.247948
QuickRigCharacter_RightUpLeg;0.0559903;1.293751;-2.245165
QuickRigCharacter_RightUpLeg;0.06727967;1.280241;-2.240215
QuickRigCharacter_RightUpLeg;0.07324331;1.274621;-2.238027
QuickRigCharacter_RightUpLeg;0.05852672;1.274138;-2.247264
QuickRigCharacter_RightUpLeg;0.02728809;1.258712;-2.302742
Plane;0.01994792;1.126933;-2.636
Plane;0.01805864;1.116366;-2.636
Plane;0.01892331;1.109943;-2.636
Plane;0.03106504;1.105793;-2.636
Plane;0.02548416;1.100756;-2.636
Plane;0.01522903;1.129401;-2.636
Plane;0.02217997;1.170656;-2.636
Plane;0.01731526;1.194082;-2.636
QuickRigCharacter_RightUpLeg;0.02196872;1.483403;-2.23342
QuickRigCharacter_RightUpLeg;0.05792304;1.501368;-2.20799
QuickRigCharacter_RightUpLeg;0.06899136;1.487519;-2.207163
QuickRigCharacter_RightUpLeg;0.07212295;1.498166;-2.205268
QuickRigCharacter_RightUpLeg;0.01957498;1.48242;-2.236265
Plane;0.0007664434;1.363355;-2.636
Plane;-0.009853535;1.345509;-2.636
Plane;-0.005391528;1.340961;-2.636
QuickRigCharacter_RightUpLeg;0.0565486;1.436096;-2.218662
QuickRigCharacter_RightUpLeg;0.06522741;1.346323;-2.229691
QuickRigCharacter_RightUpLeg;0.05686209;1.28041;-2.247257
QuickRigCharacter_RightUpLeg;0.08885312;1.289147;-2.229978
QuickRigCharacter_RightUpLeg;0.1077703;1.270993;-2.229311
QuickRigCharacter_RightUpLeg;0.09167776;1.248132;-2.235086
QuickRigCharacter_RightUpLeg;0.08208574;1.257983;-2.236851
QuickRigCharacter_RightUpLeg;0.06554843;1.264542;-2.244215
Plane;0.02563194;1.100104;-2.636
Plane;0.01268167;1.069726;-2.636
Plane;0.02392237;1.057892;-2.636
Plane;0.05472785;1.044905;-2.636
Plane;0.06492148;0.8383492;-2.636
Plane;0.03633511;0.8233647;-2.636
Plane;0.005751451;0.8142437;-2.636
Plane;0.02194542;0.8417765;-2.636
Plane;0.02633162;0.8429779;-2.636
Plane;0.02989923;0.8518631;-2.636
Plane;0.04666934;0.8598882;-2.636
Plane;0.05454226;0.8401206;-2.636
Plane;0.07181294;0.8337505;-2.636
QuickRigCharacter_RightLeg;0.09054124;0.9989062;-2.323542
QuickRigCharacter_RightLeg;0.1028502;1.021041;-2.303296
QuickRigCharacter_RightLeg;0.1106614;1.016082;-2.299462
QuickRigCharacter_RightLeg;0.1128136;0.997006;-2.303315
QuickRigCharacter_RightLeg;0.1148801;0.9906102;-2.303825
Plane;0.07373177;0.8284659;-2.636
Plane;-0.02846596;0.8447418;-2.636
Plane;-0.02672852;0.8397856;-2.636
Plane;-0.0334357;0.8396287;-2.636
Plane;-0.04520148;0.8408364;-2.636
Plane;-0.05864488;0.8649961;-2.636
Plane;-0.06751957;0.9010975;-2.636
Plane;-0.07568278;0.9480335;-2.636
Plane;-0.07481325;0.9336344;-2.636
Plane;-0.06941271;0.8770816;-2.636
Plane;-0.07833293;0.8790833;-2.636
Plane;-0.08212116;0.8848689;-2.636
Plane;-0.08999249;0.8970829;-2.636
Plane;-0.0402918;0.9129075;-2.636
Plane;-0.02250134;0.8672199;-2.636
Plane;-0.01876226;0.8736504;-2.636
Plane;-0.02198773;0.8786508;-2.636
Plane;-0.02817838;0.884635;-2.636
Plane;-0.04004079;0.869054;-2.636
Plane;-0.0425892;0.8390936;-2.636
Plane;-0.04471818;0.8324165;-2.636
Plane;-0.04060599;0.8295108;-2.636
Plane;-0.02794271;0.8186578;-2.636
Plane;-0.01601351;0.8220598;-2.636
Plane;-0.005420426;0.8379745;-2.636
Plane;0.01726215;0.8719749;-2.636
Plane;0.02733204;0.9522039;-2.636
Plane;0.01875523;1.032742;-2.636
Plane;0.01478338;1.085325;-2.636
Plane;0.01538157;1.089606;-2.636
Plane;0.02038399;1.084203;-2.636
Plane;0.02115897;1.02766;-2.636
Plane;0.03817083;0.8906331;-2.636
Plane;0.06220183;0.8126355;-2.636
Plane;0.06963871;0.8366474;-2.636
Plane;0.06751359;0.8339217;-2.636
QuickRigCharacter_LeftLeg;-0.1770498;0.8738424;-2.332872
QuickRigCharacter_LeftLeg;-0.1969616;0.9085711;-2.313729
QuickRigCharacter_LeftLeg;-0.1960497;0.9011616;-2.315744
QuickRigCharacter_LeftLeg;-0.1808354;0.9118267;-2.319677
QuickRigCharacter_LeftLeg;-0.1704848;0.9236812;-2.323443
Plane;-0.1501963;0.8193754;-2.636
Plane;-0.1231506;0.836017;-2.636
Plane;-0.1112805;0.7866325;-2.636
Plane;-0.1038806;0.7535022;-2.636
Plane;-0.09898785;0.7651671;-2.636
Plane;-0.105858;0.7649267;-2.636
Plane;-0.1085585;0.7714628;-2.636
Plane;-0.1035653;0.8023693;-2.636
Plane;-0.1050815;0.8120487;-2.636
Plane;-0.1066416;0.831658;-2.636
Plane;-0.1008214;0.8324821;-2.636
Plane;-0.09557062;0.7998496;-2.636
Plane;-0.09488743;0.7937945;-2.636
Plane;-0.08287261;0.8077399;-2.636
QuickRigCharacter_RightLeg;0.1625618;0.9647866;-2.301112
QuickRigCharacter_RightLeg;0.1644494;0.9708685;-2.300396
QuickRigCharacter_RightLeg;0.1700335;0.9584265;-2.303749
QuickRigCharacter_RightLeg;0.174698;0.9689831;-2.303543
QuickRigCharacter_RightLeg;0.1713024;0.9756347;-2.301364
QuickRigCharacter_RightLeg;0.164245;0.9592125;-2.302356
QuickRigCharacter_RightLeg;0.1601503;0.9508696;-2.303304
QuickRigCharacter_RightLeg;0.1626371;0.954991;-2.302857
QuickRigCharacter_RightLeg;0.163513;0.9556987;-2.302862
QuickRigCharacter_RightLeg;0.1289704;0.9404357;-2.309909
Plane;0.08520698;0.7954386;-2.636
Plane;0.03122612;0.7756807;-2.636
QuickRigCharacter_RightLeg;0.1723807;0.8692016;-2.31947
QuickRigCharacter_RightLeg;0.1871812;0.8866204;-2.320432
QuickRigCharacter_RightLeg;0.1871188;0.9005695;-2.318387
QuickRigCharacter_RightLeg;0.1797848;0.8964722;-2.316392
QuickRigCharacter_RightLeg;0.1712674;0.889133;-2.315771
QuickRigCharacter_RightLeg;0.1725891;0.9134868;-2.311803
QuickRigCharacter_RightLeg;0.1814949;0.9246764;-2.312662
QuickRigCharacter_RightLeg;0.1914535;0.9090662;-2.31929
QuickRigCharacter_RightLeg;0.1929839;0.9119844;-2.319764
QuickRigCharacter_RightLeg;0.189244;0.9188333;-2.316865
QuickRigCharacter_RightLeg;0.1808658;0.9420739;-2.309862
QuickRigCharacter_RightLeg;0.08962937;0.9128102;-2.37163
Plane;0.01686199;0.7826171;-2.636
Plane;0.01320647;0.7883796;-2.636
Plane;0.01512831;0.7805241;-2.636
Plane;0.01150729;0.7740908;-2.636
Plane;0.01572757;0.786451;-2.636
Plane;0.0235595;0.810699;-2.636
Plane;0.03940339;0.8029404;-2.636
Plane;0.04174064;0.795048;-2.636
Plane;0.05104286;0.8069534;-2.636
Plane;0.0602556;0.8284067;-2.636
Plane;0.06677858;0.8393465;-2.636
Plane;0.07773195;0.8248216;-2.636
Plane;0.08109668;0.8077378;-2.636
Plane;0.08200677;0.8417614;-2.636
QuickRigCharacter_RightLeg;0.08283215;0.9728852;-2.355323
Plane;0.08674286;0.847123;-2.636
Plane;0.07913859;0.8502827;-2.636
Plane;0.07107355;0.8429705;-2.636
Plane;0.06252944;0.8288027;-2.636
Plane;0.06220831;0.8171962;-2.636
Plane;0.06382178;0.8238305;-2.636
Plane;-0.004445424;0.7793546;-2.636
Plane;-0.07677184;0.7524862;-2.636
Plane;-0.05635317;0.7612396;-2.636
Plane;-0.1282944;0.7575113;-2.636
QuickRigCharacter_LeftLeg;-0.208444;0.887125;-2.316095
QuickRigCharacter_LeftLeg;-0.2185049;0.8859212;-2.315624
QuickRigCharacter_LeftLeg;-0.2245703;0.9033312;-2.312759
QuickRigCharacter_LeftLeg;-0.2299411;0.9003469;-2.314124
QuickRigCharacter_LeftLeg;-0.2348571;0.8870127;-2.317418
QuickRigCharacter_LeftLeg;-0.2332829;0.8806514;-2.318147
QuickRigCharacter_LeftLeg;-0.2335564;0.8841663;-2.317612
QuickRigCharacter_LeftLeg;-0.2314002;0.886444;-2.31678
QuickRigCharacter_LeftLeg;-0.2087983;0.823493;-2.330015
QuickRigCharacter_LeftLeg;-0.2151755;0.7878828;-2.336826
QuickRigCharacter_LeftLeg;-0.2244016;0.8559754;-2.321507
QuickRigCharacter_LeftLeg;-0.2278902;0.858619;-2.321241
QuickRigCharacter_LeftLeg;-0.214288;0.7816482;-2.339466
QuickRigCharacter_LeftLeg;-0.1788796;0.780139;-2.363413
QuickRigCharacter_LeftLeg;-0.1815964;0.7794639;-2.360529
QuickRigCharacter_LeftLeg;-0.1856588;0.790562;-2.350666
QuickRigCharacter_LeftLeg;-0.1893366;0.7977444;-2.345623
QuickRigCharacter_LeftLeg;-0.2004623;0.8034531;-2.337732
QuickRigCharacter_LeftLeg;-0.2021007;0.8060871;-2.336376
QuickRigCharacter_LeftLeg;-0.1767386;0.7831265;-2.364173
Plane;-0.08385614;0.783995;-2.636
Plane;-0.08459045;0.7641165;-2.636
Plane;-0.08730019;0.7525564;-2.636
Plane;-0.08420163;0.7502233;-2.636
QuickRigCharacter_RightLeg;0.1112223;0.905135;-2.33114
Plane;0.2995162;0.8100092;-2.636
Plane;0.3370177;0.7913734;-2.636
QuickRigCharacter_RightLeg;0.2338991;0.8640258;-2.374393
QuickRigCharacter_RightLeg;0.2176431;0.8883207;-2.343053
QuickRigCharacter_RightLeg;0.2123746;0.8925806;-2.336711
QuickRigCharacter_RightLeg;0.2025404;0.8972691;-2.327646
QuickRigCharacter_RightLeg;0.1884978;0.9040336;-2.318517
QuickRigCharacter_RightLeg;0.1851777;0.9107852;-2.316144
QuickRigCharacter_RightLeg;0.182055;0.9141429;-2.314422
QuickRigCharacter_RightLeg;0.1736109;0.9129314;-2.312132
QuickRigCharacter_RightLeg;0.08967673;0.9235203;-2.361614
Plane;-0.05913754;0.8127248;-2.636
Plane;-0.06004205;0.7872264;-2.636
Plane;-0.05666746;0.7800422;-2.636
Plane;-0.03864323;0.7783788;-2.636
Plane;-0.02719851;0.7788733;-2.636
Plane;-0.02238194;0.7730687;-2.636
Plane;-0.02043281;0.7741274;-2.636
Plane;-0.01559708;0.7749704;-2.636
Plane;-0.01059991;0.7722277;-2.636
Plane;-0.008399365;0.7532144;-2.636
Plane;-0.00725555;0.7669528;-2.636
Plane;-0.02075861;0.8010079;-2.636
Plane;-0.02832596;0.8017731;-2.636
Plane;-0.02292701;0.7604301;-2.636
Plane;-0.02223891;0.7581663;-2.636
Plane;-0.02621388;0.7550942;-2.636
Plane;-0.04217107;0.754256;-2.636
QuickRigCharacter_RightLeg;0.1346115;0.7786588;-2.351769
QuickRigCharacter_RightLeg;0.1295035;0.7866151;-2.351613
Plane;-0.07885379;0.7537549;-2.636
Plane;-0.1089708;0.8290406;-2.636
Plane;-0.1064768;0.8726934;-2.636
Plane;-0.07795477;0.8607543;-2.636
Plane;-0.06983247;0.8723315;-2.636
Plane;-0.07024696;0.8870313;-2.636
Plane;-0.06569538;0.9002615;-2.636
Plane;-0.05836875;0.9435169;-2.636
Plane;-0.05735165;0.9528925;-2.636
Plane;-0.05744462;0.9603389;-2.636
Plane;-0.06273462;0.9630744;-2.636
Plane;-0.06701522;0.9632105;-2.636
Plane;-0.06722879;0.9707288;-2.636
Plane;-0.06362189;0.9875123;-2.636
Plane;-0.06366285;0.9994866;-2.636
Plane;-0.05928582;1.025324;-2.636
Plane;-0.02869568;1.158724;-2.636
Plane;-0.03724755;1.203299;-2.636
Plane;-0.03232791;1.198806;-2.636
Plane;-0.02533763;1.190964;-2.636
Plane;-0.02833343;1.18244;-2.636
Plane;-0.02482165;1.175738;-2.636
Plane;-0.02076619;1.174315;-2.636
Plane;-0.02249351;1.172889;-2.636
Plane;-0.02627136;1.170891;-2.636
Plane;-0.03350077;1.166049;-2.636
Plane;-0.03933019;1.159789;-2.636
Plane;-0.05229479;1.104806;-2.636
Plane;-0.05268382;1.098627;-2.636
Plane;-0.04971748;1.102404;-2.636
Plane;-0.05099852;1.10915;-2.636
Plane;-0.05336995;1.115732;-2.636
Plane;-0.05479596;1.121361;-2.636
Plane;-0.05317415;1.12801;-2.636
Plane;-0.05071811;1.130325;-2.636
Plane;-0.05229415;1.133819;-2.636
Plane;-0.05341792;1.135952;-2.636
Plane;-0.05124406;1.134862;-2.636
Plane;-0.04883067;1.137262;-2.636
Plane;-0.04852824;1.134606;-2.636
Plane;-0.05359759;1.130573;-2.636
Plane;-0.05184238;1.135906;-2.636
Plane;-0.04813123;1.13524;-2.636
Plane;-0.04476731;1.12089;-2.636
Plane;-0.04591346;1.120499;-2.636
Plane;-0.04414211;1.123203;-2.636
Plane;-0.04200266;1.121922;-2.636
Plane;-0.03778097;1.123655;-2.636
Plane;-0.03317093;1.121712;-2.636
Plane;-0.03651533;1.118543;-2.636
Plane;-0.04251655;1.117429;-2.636
Plane;-0.04591685;1.110805;-2.636
Plane;-0.04852734;1.119446;-2.636
Plane;-0.03560196;1.16772;-2.636
Plane;-0.02175171;1.223241;-2.636
Plane;-0.01647772;1.225913;-2.636
Plane;-0.01103716;1.226682;-2.636
Plane;-0.01240404;1.227984;-2.636
Plane;-0.01171951;1.227112;-2.636
Plane;-0.01449975;1.231335;-2.636
Plane;-0.0148683;1.234843;-2.636
Plane;-0.01910714;1.233507;-2.636
Plane;-0.02043386;1.235454;-2.636
Plane;-0.01758073;1.233364;-2.636
Plane;-0.02405475;1.165004;-2.636
Plane;-0.02120474;1.171608;-2.636
Plane;-0.01713266;1.169917;-2.636
Plane;-0.01103339;1.172703;-2.636
Plane;-0.008988438;1.181375;-2.636
Plane;-0.00612499;1.183251;-2.636
Plane;-0.006140136;1.17777;-2.636
Plane;-0.01071674;1.180505;-2.636
Plane;-0.01748157;1.179735;-2.636
Plane;-0.01647473;1.182564;-2.636
Plane;-0.01418666;1.178772;-2.636
Plane;-0.01350192;1.178893;-2.636
Plane;-0.01343914;1.18153;-2.636
Plane;-0.01446398;1.157457;-2.636
Plane;-0.02016794;1.130101;-2.636
Plane;-0.01891751;1.137992;-2.636
Plane;-0.01297937;1.142651;-2.636
Plane;-0.004561664;1.146958;-2.636
Plane;0.005070256;1.148756;-2.636
Plane;0.004361839;1.150072;-2.636
Plane;0.007188798;1.151312;-2.636
Plane;0.01162756;1.153823;-2.636
Plane;0.006228569;1.158879;-2.636
Plane;-0.0005979934;1.170712;-2.636
Plane;-0.004492154;1.166284;-2.636
Plane;-0.006792534;1.163818;-2.636
Plane;-0.01536943;1.166203;-2.636
Plane;-0.01989247;1.165102;-2.636
Plane;-0.01565463;1.162292;-2.636
Plane;-0.0091834;1.158647;-2.636
Plane;-0.004945059;1.142939;-2.636
Plane;-0.005511106;1.147174;-2.636
Plane;-0.01038352;1.16049;-2.636
Plane;-0.01054735;1.213681;-2.636
Plane;-0.006659802;1.207658;-2.636
Plane;-0.01062068;1.204834;-2.636
Plane;-0.01626766;1.193952;-2.636
Plane;-0.01904297;1.186987;-2.636
Plane;-0.01474583;1.184721;-2.636
Plane;-0.01238057;1.179389;-2.636
Plane;-0.01861652;1.161301;-2.636
Plane;-0.02384144;1.160338;-2.636
Plane;-0.03133113;1.186009;-2.636
Plane;-0.02638631;1.224997;-2.636
Plane;-0.01911576;1.240451;-2.636
Plane;-0.03612511;1.213478;-2.636
Plane;-0.03297722;1.197994;-2.636
Plane;-0.02515876;1.239383;-2.636
Plane;-0.002032384;1.253261;-2.636
Plane;0.01402254;1.23081;-2.636
QuickRigCharacter_RightUpLeg;0.02430319;1.28398;-2.298866
QuickRigCharacter_RightUpLeg;0.03971993;1.248708;-2.274683
QuickRigCharacter_RightUpLeg;0.05550071;1.295881;-2.245106
QuickRigCharacter_RightUpLeg;0.05528321;1.326838;-2.239011
QuickRigCharacter_RightUpLeg;0.06564432;1.315117;-2.234865
QuickRigCharacter_RightUpLeg;0.07703085;1.298229;-2.232435
QuickRigCharacter_RightUpLeg;0.08672228;1.310554;-2.227498
QuickRigCharacter_RightUpLeg;0.1002811;1.315597;-2.224592
QuickRigCharacter_RightUpLeg;0.1237369;1.30194;-2.226857
QuickRigCharacter_RightUpLeg;0.1339882;1.292516;-2.229764
Plane;0.01512756;1.243715;-2.636
Plane;-0.01007432;1.241534;-2.636
Plane;-0.02062394;1.195397;-2.636
Plane;-0.0425592;1.159322;-2.636
Plane;-0.05095751;1.166681;-2.636
Plane;-0.06474055;1.196072;-2.636
Plane;-0.07399285;1.210524;-2.636
Plane;-0.06428139;1.17282;-2.636
Plane;-0.03023851;1.047219;-2.636
Plane;-0.0168814;1.038073;-2.636
QuickRigCharacter_RightUpLeg;0.03296087;1.24595;-2.289723
QuickRigCharacter_RightUpLeg;0.07691609;1.354523;-2.223873
QuickRigCharacter_RightUpLeg;0.08888053;1.386911;-2.217056
QuickRigCharacter_RightUpLeg;0.1033586;1.381195;-2.217198
QuickRigCharacter_RightUpLeg;0.09336117;1.305766;-2.226737
QuickRigCharacter_RightUpLeg;0.07382531;1.188824;-2.262736
Plane;0.03688752;1.040268;-2.636
Plane;0.0009321065;1.104229;-2.636
Plane;-0.04806866;1.104527;-2.636
Plane;-0.06720604;1.103753;-2.636
Plane;-0.06313182;1.10736;-2.636
Plane;-0.04313307;1.099679;-2.636
Plane;-0.0284568;1.114455;-2.636
Plane;0.008351315;1.161052;-2.636
QuickRigCharacter_RightUpLeg;0.02886666;1.345017;-2.262014
QuickRigCharacter_RightUpLeg;0.02165596;1.341422;-2.277259
Plane;0.006834741;1.20044;-2.636
Plane;-0.01411332;1.157254;-2.636
Plane;-0.04935273;1.098513;-2.636
Plane;-0.08198146;1.097978;-2.636
QuickRigCharacter_LeftUpLeg;-0.08839183;1.25037;-2.291916
QuickRigCharacter_LeftUpLeg;-0.08703122;1.277197;-2.283531
Plane;-0.06587215;1.250502;-2.636
Plane;-0.01869236;1.27828;-2.636
Plane;-0.01729887;1.250211;-2.636
Plane;-0.02893511;1.181274;-2.636
Plane;-0.03882388;1.141478;-2.636
Plane;-0.02621946;1.143415;-2.636
Plane;-0.01733913;1.148773;-2.636
Plane;-0.02174149;1.145655;-2.636
Plane;-0.0229287;1.143616;-2.636
Plane;-0.0243266;1.144941;-2.636
Plane;-0.02041662;1.152857;-2.636
Plane;-0.0178992;1.162588;-2.636
Plane;-0.02103678;1.166289;-2.636
Plane;-0.02005968;1.156492;-2.636
Plane;-0.01593717;1.150633;-2.636
Plane;-0.01347133;1.148104;-2.636
Plane;-0.0134532;1.144613;-2.636
Plane;-0.01695523;1.146906;-2.636
Plane;-0.01574421;1.1067;-2.636
Plane;-0.01176525;1.058386;-2.636
Plane;-0.01265062;1.051477;-2.636
Plane;-0.01509983;1.059139;-2.636
Plane;-0.02109388;1.06487;-2.636
Plane;-0.02099588;1.071993;-2.636
Plane;-0.01853406;1.074152;-2.636
Plane;-0.0197841;1.069521;-2.636
Plane;-0.02538938;1.06332;-2.636
Plane;-0.03087942;1.06138;-2.636
Plane;-0.03180695;1.064941;-2.636
Plane;-0.03142343;1.062522;-2.636
Plane;-0.0281439;1.057229;-2.636
Plane;-0.02545661;1.061726;-2.636
Plane;-0.02686713;1.064747;-2.636
Plane;-0.03853261;1.061175;-2.636
Plane;-0.09962181;1.015342;-2.636
QuickRigCharacter_LeftLeg;-0.1223614;1.114912;-2.326141
Plane;-0.1209009;1.000199;-2.636
Plane;-0.1191719;1.001617;-2.636
Plane;-0.1156309;1.00658;-2.636
Plane;-0.1154422;1.013897;-2.636
Plane;-0.1151355;1.017076;-2.636
Plane;-0.114238;1.024037;-2.636
Plane;-0.1169813;1.022559;-2.636
Plane;-0.09929974;1.010767;-2.636
Plane;-0.09795728;1.008533;-2.636
Plane;-0.09695542;1.010488;-2.636
Plane;-0.09615624;1.011724;-2.636
Plane;-0.07439553;1.003719;-2.636
Plane;-0.01419323;1.051221;-2.636
Plane;-0.008482275;1.096462;-2.636
Plane;-0.01677169;1.104781;-2.636
Plane;-0.01167029;1.101356;-2.636
Plane;-0.01309181;1.09019;-2.636
Plane;-0.01846431;1.082218;-2.636
Plane;-0.02125008;1.078053;-2.636
Plane;-0.02318234;1.07141;-2.636
Plane;-0.02725743;1.067744;-2.636
Plane;-0.02891705;1.06517;-2.636
Plane;-0.03843546;1.061836;-2.636
Plane;-0.04632371;1.06227;-2.636
Plane;-0.04745403;1.058436;-2.636
Plane;0.06502646;1.042809;-2.636
QuickRigCharacter_RightLeg;0.1276;1.161488;-2.263438
QuickRigCharacter_RightLeg;0.1469089;1.143037;-2.267673
QuickRigCharacter_RightLeg;0.1649297;1.142641;-2.275105
QuickRigCharacter_RightLeg;0.1773975;1.132205;-2.285106
QuickRigCharacter_RightLeg;0.1823382;1.128187;-2.290045
QuickRigCharacter_RightLeg;0.1810425;1.12612;-2.288925
QuickRigCharacter_RightLeg;0.1776165;1.12555;-2.28587
QuickRigCharacter_RightLeg;0.1768669;1.127297;-2.285105
QuickRigCharacter_RightLeg;0.1710482;1.132046;-2.280217
QuickRigCharacter_RightLeg;0.1642676;1.123835;-2.27715
QuickRigCharacter_RightLeg;0.1239327;1.079031;-2.27925
QuickRigCharacter_RightLeg;0.1106533;1.059739;-2.288103
QuickRigCharacter_RightLeg;0.108817;1.055501;-2.290093
QuickRigCharacter_RightLeg;0.1026601;1.056896;-2.293289
QuickRigCharacter_RightLeg;0.1020092;1.060235;-2.292767
QuickRigCharacter_RightLeg;0.1050223;1.055962;-2.292063
QuickRigCharacter_RightLeg;0.1129173;1.059988;-2.287041
QuickRigCharacter_RightLeg;0.1162051;1.0621;-2.285229
QuickRigCharacter_RightLeg;0.1210646;1.065368;-2.282957
QuickRigCharacter_RightLeg;0.1189138;1.059537;-2.28494
QuickRigCharacter_RightLeg;0.1198337;1.061335;-2.284241
QuickRigCharacter_RightLeg;0.1193023;1.063744;-2.283833
QuickRigCharacter_RightLeg;0.1092771;1.054609;-2.290071
Plane;-0.1157977;0.8689562;-2.636
QuickRigCharacter_LeftLeg;-0.1417908;0.9980568;-2.33398
QuickRigCharacter_LeftLeg;-0.139062;1.000246;-2.339748
QuickRigCharacter_LeftLeg;-0.1395463;1.011863;-2.332506
QuickRigCharacter_LeftLeg;-0.1403022;1.01657;-2.328659
QuickRigCharacter_LeftLeg;-0.1419425;1.016344;-2.325618
QuickRigCharacter_LeftLeg;-0.1402101;1.014876;-2.329614
QuickRigCharacter_LeftLeg;-0.1386787;1.015547;-2.332729
QuickRigCharacter_LeftLeg;-0.14123;1.023525;-2.323889
QuickRigCharacter_LeftLeg;-0.1398315;1.018664;-2.32865
QuickRigCharacter_LeftLeg;-0.1385759;1.012656;-2.334446
QuickRigCharacter_LeftLeg;-0.1399253;1.012492;-2.33135
QuickRigCharacter_LeftLeg;-0.1432165;1.00769;-2.326951
QuickRigCharacter_LeftLeg;-0.139604;1.00455;-2.335993
QuickRigCharacter_LeftLeg;-0.1361649;0.9992674;-2.352102
QuickRigCharacter_LeftLeg;-0.1348934;1.007674;-2.352109
Plane;-0.08537359;1.038432;-2.636
Plane;-0.05315794;1.082251;-2.636
Plane;-0.05997359;1.07331;-2.636
Plane;-0.06363395;1.050568;-2.636
Plane;-0.06620561;1.035179;-2.636
Plane;-0.07923266;1.018983;-2.636
Plane;-0.07918363;1.029621;-2.636
Plane;-0.07463677;1.048461;-2.636
Plane;-0.06454317;1.053241;-2.636
Plane;-0.06233675;1.022019;-2.636
Plane;-0.06012337;0.976524;-2.636
Plane;-0.06589619;0.9328058;-2.636
Plane;-0.07338593;0.910324;-2.636
Plane;-0.05723715;0.9900624;-2.636
Plane;-0.04073324;1.086273;-2.636
Plane;-0.01932562;1.068758;-2.636
Plane;-0.009480253;1.102527;-2.636
Plane;0.0003360118;1.162983;-2.636
Plane;0.01814937;1.223818;-2.636
QuickRigCharacter_RightUpLeg;0.02111873;1.350762;-2.274687
QuickRigCharacter_RightUpLeg;0.04074392;1.364577;-2.242733
QuickRigCharacter_RightUpLeg;0.03464077;1.357136;-2.250877
QuickRigCharacter_RightUpLeg;0.02128105;1.301589;-2.301409
Plane;0.01002073;1.120688;-2.636
Plane;0.0005762139;1.101296;-2.636
Plane;-0.006226631;1.144909;-2.636
Plane;0.001400356;1.244176;-2.636
Plane;0.008736253;1.311887;-2.636
QuickRigCharacter_RightUpLeg;0.01966119;1.442538;-2.246767
QuickRigCharacter_RightUpLeg;0.02146023;1.430995;-2.247581
QuickRigCharacter_RightUpLeg;0.01935066;1.3991;-2.260511
QuickRigCharacter_RightUpLeg;0.01507548;1.35968;-2.288882
Plane;0.01428857;1.220854;-2.636
Plane;0.009915131;1.20576;-2.636
Plane;0.009437259;1.224783;-2.636
QuickRigCharacter_RightUpLeg;0.0125105;1.386414;-2.282612
Plane;0.009452862;1.300045;-2.636
Plane;0.005410256;1.30651;-2.636
Plane;0.001935511;1.297261;-2.636
Plane;0.001059507;1.255359;-2.636
Plane;0.002625484;1.242952;-2.636
Plane;0.006514758;1.242093;-2.636
Plane;0.01437021;1.24909;-2.636
Plane;0.01577617;1.252444;-2.636
Plane;0.001044462;1.257549;-2.636
Plane;-0.004601666;1.258749;-2.636
Plane;-0.007089884;1.261717;-2.636
Plane;-0.009065716;1.260028;-2.636
Plane;-0.003802839;1.256802;-2.636
Plane;-0.005188053;1.226866;-2.636
Plane;-0.02148684;1.19475;-2.636
Plane;-0.02762112;1.203503;-2.636
Plane;-0.03583025;1.209033;-2.636
Plane;-0.03598979;1.212839;-2.636
Plane;-0.03795007;1.212497;-2.636
Plane;-0.03948385;1.20788;-2.636
Plane;-0.03618868;1.192217;-2.636
Plane;-0.02968439;1.190483;-2.636
Plane;-0.02848071;1.192729;-2.636
Plane;-0.03345503;1.196632;-2.636
Plane;-0.02303605;1.171787;-2.636
Plane;-0.012093;1.140459;-2.636
Plane;-0.007492315;1.123266;-2.636
Plane;-0.008181931;1.120841;-2.636
Plane;-0.01117568;1.115237;-2.636
Plane;-0.01618445;1.108316;-2.636
Plane;-0.02145705;1.105042;-2.636
Plane;-0.02663136;1.101285;-2.636
Plane;-0.07007079;0.8250639;-2.636
QuickRigCharacter_RightLeg;0.09356605;0.9775211;-2.32716
QuickRigCharacter_RightLeg;0.09336239;0.9819084;-2.325831
QuickRigCharacter_RightLeg;0.09226342;0.9714922;-2.331448
QuickRigCharacter_RightLeg;0.09534605;0.9706758;-2.327208
QuickRigCharacter_RightLeg;0.0974451;0.9744143;-2.323182
QuickRigCharacter_RightLeg;0.09775997;0.9753456;-2.322487
QuickRigCharacter_RightLeg;0.0955449;0.981366;-2.323099
QuickRigCharacter_RightLeg;0.0908749;0.9773096;-2.331472
QuickRigCharacter_RightLeg;0.09061331;0.9685581;-2.335536
QuickRigCharacter_RightLeg;0.09629666;0.9732319;-2.325045
QuickRigCharacter_RightLeg;0.1054347;0.9809263;-2.313047
QuickRigCharacter_RightLeg;0.1192954;0.9820756;-2.303783
QuickRigCharacter_RightLeg;0.1268545;0.9891747;-2.298946
QuickRigCharacter_RightLeg;0.1394478;0.9915157;-2.295586
QuickRigCharacter_RightLeg;0.1534259;0.9875841;-2.295946
QuickRigCharacter_RightLeg;0.1785362;1.062821;-2.292943
QuickRigCharacter_RightLeg;0.19334;1.143918;-2.304975
Plane;0.223912;1.066169;-2.636
Plane;0.2187733;1.058369;-2.636
Plane;0.2194846;1.052953;-2.636
Plane;0.2214804;1.044353;-2.636
Plane;0.2216517;1.041399;-2.636
Plane;0.2233015;1.035758;-2.636
Plane;0.2217008;1.028408;-2.636
QuickRigCharacter_RightLeg;0.1931523;1.143036;-2.304535
QuickRigCharacter_RightLeg;0.1930806;1.142394;-2.304396
QuickRigCharacter_RightLeg;0.19261;1.144676;-2.303587
QuickRigCharacter_RightLeg;0.1919262;1.14547;-2.302361
QuickRigCharacter_RightLeg;0.1938106;1.139696;-2.305665
QuickRigCharacter_RightLeg;0.2013338;1.116676;-2.321352
QuickRigCharacter_RightLeg;0.2020739;1.103084;-2.321234
QuickRigCharacter_RightLeg;0.2002051;1.097517;-2.31619
QuickRigCharacter_RightLeg;0.1978448;1.101555;-2.311731
QuickRigCharacter_RightLeg;0.1940387;1.105321;-2.305427
QuickRigCharacter_RightLeg;0.1880094;1.11042;-2.297297
QuickRigCharacter_RightLeg;0.1831905;1.115482;-2.291791
QuickRigCharacter_RightLeg;0.1810381;1.117815;-2.28957
QuickRigCharacter_RightLeg;0.1070283;1.100988;-2.279382
QuickRigCharacter_RightLeg;0.0894535;1.090726;-2.29362
QuickRigCharacter_RightLeg;0.08534566;1.09161;-2.297428
QuickRigCharacter_RightLeg;0.08348939;1.090852;-2.299792
QuickRigCharacter_RightLeg;0.08636755;1.092368;-2.296103
QuickRigCharacter_RightLeg;0.08518479;1.091596;-2.297615
QuickRigCharacter_RightLeg;0.09136833;1.087313;-2.292969
QuickRigCharacter_RightLeg;0.1039873;1.08659;-2.284508
QuickRigCharacter_RightLeg;0.08981331;1.116275;-2.285604
QuickRigCharacter_RightLeg;0.08713166;1.117589;-2.287463
QuickRigCharacter_RightLeg;0.08383716;1.119614;-2.289928
QuickRigCharacter_RightLeg;0.08193762;1.118565;-2.29221
QuickRigCharacter_RightUpLeg;0.08211007;1.185708;-2.259787
QuickRigCharacter_RightUpLeg;0.06358141;1.206919;-2.25945
Plane;0.05724089;1.054437;-2.636
Plane;0.05506596;1.032655;-2.636
Plane;0.04866944;1.031325;-2.636
Plane;0.04570101;1.027423;-2.636
Plane;0.05123159;1.019662;-2.636
Plane;0.05410904;1.01341;-2.636
Plane;0.05568458;1.013292;-2.636
Plane;0.04239607;1.010062;-2.636
Plane;0.03926926;1.011615;-2.636
Plane;0.03491677;1.018049;-2.636
Plane;0.03654712;1.021095;-2.636
Plane;0.04175623;1.025178;-2.636
Plane;0.04797379;1.029642;-2.636
Plane;0.0537645;1.033629;-2.636
Plane;0.05372459;1.037789;-2.636
Plane;0.05701488;1.037982;-2.636
Plane;0.05881234;1.037791;-2.636
Plane;0.05683003;1.042439;-2.636
Plane;0.05594008;1.044113;-2.636
Plane;0.05179759;1.047272;-2.636
QuickRigCharacter_RightUpLeg;0.03777341;1.208812;-2.297626
QuickRigCharacter_RightUpLeg;0.02751718;1.342459;-2.264998
QuickRigCharacter_RightUpLeg;0.01704131;1.344935;-2.290082
Plane;0.01885159;1.231502;-2.636
QuickRigCharacter_RightUpLeg;0.01613245;1.3383;-2.300919
QuickRigCharacter_RightUpLeg;0.01930711;1.349621;-2.279798
QuickRigCharacter_RightUpLeg;0.02273737;1.360658;-2.267481
QuickRigCharacter_RightUpLeg;0.01948048;1.418418;-2.254145
QuickRigCharacter_RightUpLeg;0.01002765;1.447553;-2.26146
QuickRigCharacter_RightUpLeg;0.006645193;1.44371;-2.271674
QuickRigCharacter_RightUpLeg;0.004431493;1.430058;-2.291724
Plane;0.006994135;1.319285;-2.636
QuickRigCharacter_RightUpLeg;0.01226949;1.425477;-2.265031
QuickRigCharacter_RightUpLeg;0.02079735;1.436561;-2.246917
QuickRigCharacter_RightUpLeg;0.02522266;1.456771;-2.236448
QuickRigCharacter_RightUpLeg;0.02208242;1.464093;-2.238067
QuickRigCharacter_RightUpLeg;0.01285274;1.466617;-2.249701
QuickRigCharacter_RightUpLeg;0.005375784;1.492833;-2.254226
QuickRigCharacter_RightUpLeg;0.002180081;1.498322;-2.25911
QuickRigCharacter_RightUpLeg;0.007008996;1.500052;-2.248724
QuickRigCharacter_RightUpLeg;0.01170701;1.502888;-2.240627
QuickRigCharacter_RightUpLeg;0.01006421;1.51141;-2.240464
QuickRigCharacter_RightUpLeg;0.009570311;1.543678;-2.232461
QuickRigCharacter_RightUpLeg;0.005962912;1.571247;-2.239479
QuickRigCharacter_RightUpLeg;0.006683569;1.578617;-2.241685
QuickRigCharacter_RightUpLeg;0.01142612;1.577405;-2.234563
QuickRigCharacter_RightUpLeg;0.01014249;1.581898;-2.238512
QuickRigCharacter_RightUpLeg;0.009654839;1.581523;-2.238959
QuickRigCharacter_RightUpLeg;0.01243706;1.581834;-2.235469
QuickRigCharacter_RightUpLeg;0.01399489;1.581876;-2.233602
QuickRigCharacter_RightUpLeg;0.01599921;1.578016;-2.229582
QuickRigCharacter_RightUpLeg;0.01492499;1.587997;-2.236063
QuickRigCharacter_RightUpLeg;0.007159968;1.600675;-2.262554
QuickRigCharacter_RightUpLeg;0.003667188;1.600129;-2.273746
Plane;0.002637292;1.518731;-2.636
Plane;-0.0002125536;1.52786;-2.636
Plane;-0.005701484;1.545433;-2.636
Plane;-0.01067849;1.542499;-2.636
Plane;-0.01421282;1.535355;-2.636
Plane;0.003242357;1.532081;-2.636
QuickRigCharacter_RightUpLeg;0.00639855;1.60588;-2.28079
QuickRigCharacter_RightUpLeg;0.005980713;1.60414;-2.275375
Plane;0.004609033;1.51887;-2.636
Plane;0.004565138;1.518986;-2.636
Plane;0.005033087;1.524026;-2.636
Plane;0.00684267;1.524745;-2.636
Plane;-0.05027462;1.532506;-2.636
Plane;-0.0557204;1.53938;-2.636
Reference_2;-0.04531558;1.670718;-2.0716
Reference_2;-0.04101887;1.674798;-2.0716
Reference_2;-0.04060134;1.677789;-2.0716
Reference_2;-0.04273369;1.681327;-2.0716
Reference_2;-0.04231723;1.696397;-2.0716
Reference_2;-0.04119214;1.701672;-2.0716
Reference_2;-0.02743494;1.720217;-2.0716
Reference_2;-0.02286483;1.726449;-2.0716
Reference_2;-0.02562673;1.72403;-2.0716
Reference_2;-0.02759319;1.736472;-2.0716
Reference_2;-0.0251674;1.74967;-2.0716
Reference_2;-0.02446842;1.749014;-2.0716
Reference_2;-0.01992122;1.741729;-2.0716
Reference_2;-0.02097307;1.741359;-2.0716
Reference_2;-0.02398719;1.741273;-2.0716
Reference_2;-0.0240221;1.744121;-2.0716
Reference_2;-0.02624761;1.749687;-2.0716
Reference_2;-0.02228702;1.755481;-2.0716
Reference_2;-0.01841777;1.764835;-2.0716
Reference_2;-0.01854464;1.76854;-2.0716
Reference_2;-0.02232314;1.774015;-2.0716
Reference_2;-0.02274309;1.775059;-2.0716
Reference_2;-0.02094681;1.77584;-2.0716
Reference_2;-0.01649922;1.776303;-2.0716
Reference_2;-0.01463516;1.779091;-2.0716
Reference_2;-0.01658175;1.776989;-2.0716
Reference_2;-0.0176166;1.77525;-2.0716
Reference_2;-0.01586398;1.779809;-2.0716
Reference_2;-0.01235287;1.77739;-2.0716
Reference_2;-0.01180072;1.777809;-2.0716
Reference_2;-0.01200032;1.776878;-2.0716
Reference_2;-0.01108332;1.775186;-2.0716
Reference_2;-0.009774758;1.777591;-2.0716
Reference_2;-0.01566743;1.77359;-2.0716
Reference_2;-0.02101527;1.776417;-2.0716
Reference_2;-0.021125;1.773152;-2.0716
Reference_2;-0.01683778;1.769377;-2.0716
Reference_2;-0.01422818;1.768101;-2.0716
Reference_2;-0.01417937;1.766119;-2.0716
Reference_2;-0.01758977;1.763133;-2.0716
Reference_2;-0.01982637;1.763259;-2.0716
Reference_2;-0.02154825;1.765566;-2.0716
Reference_2;-0.02140668;1.764122;-2.0716
Reference_2;-0.0167118;1.764846;-2.0716
Reference_2;-0.01783993;1.763447;-2.0716
Reference_2;-0.01614025;1.762775;-2.0716
Reference_2;-0.01400976;1.765393;-2.0716
Reference_2;-0.01533621;1.764385;-2.0716
Reference_2;-0.01342381;1.762276;-2.0716
Reference_2;-0.01454569;1.762971;-2.0716
Reference_2;-0.01423884;1.763939;-2.0716
Reference_2;-0.01101001;1.764062;-2.0716
Reference_2;-0.01311516;1.763659;-2.0716
Reference_2;-0.01738074;1.76247;-2.0716
Reference_2;-0.01998587;1.765045;-2.0716
Reference_2;-0.02170723;1.768903;-2.0716
Reference_2;-0.02083425;1.771281;-2.0716
Reference_2;-0.02278454;1.772003;-2.0716
Reference_2;-0.02310545;1.769059;-2.0716
Reference_2;-0.02349187;1.768601;-2.0716
Reference_2;-0.02085674;1.766123;-2.0716
Reference_2;-0.02087444;1.764142;-2.0716
Reference_2;-0.02124369;1.765644;-2.0716
Reference_2;-0.0205637;1.764666;-2.0716
Reference_2;-0.01671558;1.757848;-2.0716
Reference_2;-0.01013605;1.754528;-2.0716
Reference_2;-0.00361782;1.754269;-2.0716
Reference_2;-0.00711864;1.758174;-2.0716
Reference_2;-0.01137422;1.76591;-2.0716
Reference_2;-0.01261573;1.770385;-2.0716
Reference_2;-0.01149665;1.770915;-2.0716
Reference_2;-0.01346527;1.76655;-2.0716
Reference_2;-0.01874682;1.761804;-2.0716
Reference_2;-0.02470195;1.764555;-2.0716
Reference_2;-0.02934699;1.76915;-2.0716
Reference_2;-0.03072758;1.767989;-2.0716
Reference_2;-0.03297367;1.771191;-2.0716
Reference_2;-0.03291198;1.769145;-2.0716
Reference_2;-0.02578873;1.750899;-2.0716
Reference_2;0.00861913;1.818788;-2.0716
Reference_2;0.004288084;1.810517;-2.0716
Reference_2;-0.007730735;1.788979;-2.0716
Reference_2;-0.006521313;1.785139;-2.0716
Reference_2;-0.005713365;1.785215;-2.0716
Reference_2;-0.009558265;1.781814;-2.0716
Reference_2;-0.01084404;1.77792;-2.0716
Reference_2;-0.01143261;1.775356;-2.0716
Reference_2;-0.009446098;1.774139;-2.0716
Reference_2;-0.007510226;1.772944;-2.0716
Reference_2;-0.007794803;1.774964;-2.0716
Reference_2;-0.01107033;1.77977;-2.0716
Reference_2;-0.01236953;1.780293;-2.0716
Reference_2;-0.01365743;1.778917;-2.0716
Reference_2;-0.01366459;1.776252;-2.0716
Reference_2;-0.01233658;1.774448;-2.0716
Reference_2;-0.01652173;1.77856;-2.0716
Reference_2;-0.01273464;1.764215;-2.0716
Reference_2;-0.00828345;1.757788;-2.0716
Reference_2;-0.02066461;1.805583;-2.0716
Reference_2;-0.01108466;1.822844;-2.0716
Reference_2;-0.009341632;1.816042;-2.0716
Reference_2;-0.009325539;1.809984;-2.0716
Reference_2;-0.01001348;1.806432;-2.0716
Reference_2;-0.01148849;1.803053;-2.0716
Reference_2;-0.01182316;1.800576;-2.0716
Reference_2;-0.01039585;1.795088;-2.0716
Reference_2;-0.01113811;1.793845;-2.0716
Reference_2;-0.01356159;1.791462;-2.0716
Reference_2;-0.00816012;1.789167;-2.0716
Reference_2;-0.008390381;1.791594;-2.0716
Reference_2;-0.007272509;1.795769;-2.0716
Reference_2;-0.007651666;1.790461;-2.0716
Reference_2;-0.005885797;1.787867;-2.0716
Reference_2;-0.005144435;1.785494;-2.0716
Reference_2;-0.005228757;1.788428;-2.0716
Reference_2;-0.007743398;1.791737;-2.0716
Reference_2;-0.01061614;1.795725;-2.0716
Reference_2;-0.01048222;1.800483;-2.0716
Reference_2;-0.007320957;1.810847;-2.0716
Reference_2;-0.01433449;1.811817;-2.0716
Reference_2;-0.02028386;1.803478;-2.0716
Reference_2;-0.01786908;1.795281;-2.0716
Reference_2;-0.01149135;1.793249;-2.0716
Reference_2;-0.00799177;1.788086;-2.0716
Reference_2;-0.005753743;1.790855;-2.0716
Reference_2;-0.009353026;1.793047;-2.0716
Reference_2;-0.01274494;1.793681;-2.0716
Reference_2;-0.00921834;1.790774;-2.0716
Reference_2;0.03045117;1.798692;-2.0716
Reference_2;0.04273503;1.817288;-2.0716
Reference_2;0.03146244;1.839293;-2.0716
Reference_2;0.01339786;1.825647;-2.0716
Reference_2;0.01433619;1.827921;-2.0716
Reference_2;0.0155734;1.82689;-2.0716
Reference_2;0.01639819;1.827456;-2.0716
Reference_2;-0.008086218;1.822701;-2.0716
Reference_2;-0.01368899;1.817592;-2.0716
Reference_2;-0.01918363;1.80074;-2.0716
Reference_2;-0.02279509;1.792309;-2.0716
Reference_2;-0.02379675;1.782692;-2.0716
Reference_2;-0.01115187;1.786369;-2.0716
Reference_2;-0.009253337;1.788662;-2.0716
Reference_2;-0.01185774;1.787403;-2.0716
Reference_2;-0.01528338;1.783599;-2.0716
Reference_2;-0.01541344;1.785569;-2.0716
Reference_2;-0.01194312;1.787957;-2.0716
Reference_2;-0.01019658;1.794261;-2.0716
Reference_2;-0.007291631;1.797204;-2.0716
Reference_2;-0.007201151;1.799484;-2.0716
Reference_2;-0.008165753;1.803158;-2.0716
Reference_2;-0.0132287;1.805577;-2.0716
Reference_2;-0.01381843;1.804218;-2.0716
Reference_2;-0.01149483;1.800075;-2.0716
Reference_2;-0.009187226;1.799214;-2.0716
Reference_2;-0.007341353;1.799361;-2.0716
Reference_2;-0.008181526;1.805767;-2.0716
Reference_2;-0.009851291;1.812572;-2.0716
Reference_2;-0.009657278;1.818249;-2.0716
Reference_2;-0.008782928;1.819113;-2.0716
Reference_2;-0.00647339;1.81951;-2.0716
Reference_2;-0.01001714;1.814355;-2.0716
Reference_2;0.006337089;1.803367;-2.0716
Reference_2;0.01970374;1.83317;-2.0716
Reference_2;0.01033049;1.846674;-2.0716
Reference_2;0.00259024;1.852577;-2.0716
Reference_2;-0.005340594;1.845084;-2.0716
Reference_2;-0.007606337;1.841306;-2.0716
Reference_2;-0.006885914;1.837169;-2.0716
